      0/99     10.4G   0.06936    0.3347   0.03855    0.4426       117       640   0.08982    0.2016   0.08442   0.02331   0.09327   0.01642   0.03791
      1/99     10.5G   0.05494   0.01013    0.0306   0.09567        82       640    0.3415    0.2938    0.2013   0.07041   0.06144   0.01446    0.0263
      2/99     10.5G   0.04174  0.009713   0.01711   0.06856        78       640    0.8456    0.2729    0.3025    0.1188   0.05309   0.01525   0.02024
      3/99     10.5G   0.03931  0.009317   0.01229   0.06092        94       640    0.9165    0.3223    0.3823     0.177   0.05124   0.01516   0.01434
      4/99     10.6G   0.03644  0.008912  0.007845    0.0532       108       640    0.9137    0.3388    0.3832    0.1889   0.04745   0.01641   0.01299
      5/99     10.6G   0.03661  0.009046  0.006906   0.05256       108       640    0.7178    0.4299    0.3973    0.1693   0.05964   0.01592   0.01285
      6/99     10.6G    0.0344   0.00898  0.006046   0.04942        60       640    0.8095    0.4842    0.4918     0.251    0.0484   0.01628   0.01216
      7/99     10.6G   0.03262  0.008704  0.005455   0.04678       107       640    0.8641    0.4938    0.5995     0.281    0.0448   0.01738    0.0114
      8/99     10.6G   0.03177  0.008746   0.00457   0.04508        83       640    0.9065    0.4665    0.6864     0.388   0.04142   0.01778   0.01065
      9/99     10.6G   0.03059  0.008471  0.004497   0.04356        63       640    0.7221    0.7071    0.7074    0.3774   0.04488   0.01625   0.01033
     10/99     10.6G   0.02992  0.008546  0.003933    0.0424        69       640    0.7708    0.7377    0.7391    0.4093   0.03968   0.01843  0.009851
     11/99     10.6G   0.02931  0.008323  0.003531   0.04116        90       640    0.8785    0.6359    0.7939    0.4209   0.03975   0.01751  0.009499
     12/99     10.6G   0.02882  0.008092  0.003007   0.03992        77       640      0.91    0.6678    0.8298    0.4632   0.03979   0.01774  0.008658
     13/99     10.6G   0.02812  0.008119  0.002836   0.03908        73       640     0.753    0.7897    0.8037    0.4782   0.03949   0.01852   0.00899
     14/99     10.6G   0.02801  0.007885  0.002912    0.0388        99       640    0.8253    0.8245    0.8656    0.4861    0.0399    0.0187   0.01054
     15/99     10.6G   0.02757  0.007704   0.00238   0.03766        84       640     0.836    0.8762    0.8973    0.5164   0.04042   0.01793  0.007187
     16/99     10.6G   0.02728  0.007651  0.002269    0.0372        70       640    0.7887    0.8263    0.8319    0.4668   0.04053   0.01827  0.008225
     17/99     10.6G   0.02694  0.007758  0.002218   0.03692        83       640    0.9063    0.8185    0.9219    0.5379   0.04087   0.01724  0.007472
     18/99     10.6G   0.02667  0.007286  0.002068   0.03602        83       640    0.8882    0.8221    0.8847    0.5348   0.03671   0.01861  0.006923
     19/99     10.6G   0.02658   0.00766   0.00205    0.0363        95       640    0.8347    0.8921    0.9321    0.5309   0.03879   0.01905  0.006858
     20/99     10.6G   0.02609  0.007469  0.002059   0.03562        94       640    0.8915    0.8187    0.8866    0.4932    0.0394   0.01836  0.006362
     21/99     10.6G   0.02558  0.007541  0.002056   0.03518       100       640    0.9002    0.8451    0.8647    0.5442   0.03721   0.01945   0.00634
     22/99     10.6G   0.02607  0.007223  0.001775   0.03507       112       640    0.8479    0.8895    0.9065    0.5592   0.03664   0.01925  0.006651
     23/99     10.6G   0.02564  0.007323  0.001827   0.03479        90       640    0.8923    0.8801     0.909    0.5684   0.03708   0.01847  0.006067
     24/99     10.6G   0.02513  0.007071  0.001552   0.03375        52       640      0.86    0.8796    0.9153    0.5698     0.037   0.01974  0.006184
     25/99     10.6G   0.02523  0.006908  0.001461    0.0336        90       640    0.8682    0.8508     0.894    0.5368   0.03638    0.0193  0.006506
     26/99     10.6G   0.02489    0.0071  0.001472   0.03347        80       640    0.8712    0.9418     0.937    0.5606   0.03619   0.01962   0.00575
     27/99     10.6G   0.02469  0.007013  0.001578   0.03328        79       640    0.8566    0.9396    0.9597    0.5679   0.03598   0.01966  0.006467
     28/99     10.6G   0.02458  0.006962  0.001498   0.03304        63       640    0.9211    0.8807    0.9339    0.5889   0.03593   0.02011  0.005993
     29/99     10.6G   0.02482  0.006996  0.001423   0.03324        64       640     0.937    0.8572    0.9294    0.5837   0.03551   0.02084  0.006049
     30/99     10.6G   0.02418   0.00693  0.001358   0.03247        78       640    0.8876    0.9052    0.9325    0.5691   0.03616   0.02029   0.00574
     31/99     10.6G   0.02385  0.006663  0.001323   0.03184        97       640    0.8633    0.8806     0.901    0.5538   0.03665   0.02025  0.005857
     32/99     10.6G   0.02389   0.00682  0.001343   0.03205        83       640    0.9311     0.863    0.9195    0.5752   0.03689   0.01937  0.006394
     33/99     10.6G   0.02397  0.006776  0.001246   0.03199        72       640    0.9253    0.9502    0.9743    0.6287   0.03759   0.01881  0.006076
     34/99     10.6G   0.02339  0.006672  0.001243   0.03131       107       640    0.9563    0.9427    0.9715    0.6265   0.03665   0.02034  0.005372
     35/99     10.6G   0.02342  0.006744  0.001269   0.03143        95       640    0.8909     0.941    0.9602    0.6064   0.03575   0.02059  0.005546
     36/99     10.6G   0.02343  0.006671  0.001221   0.03132        87       640    0.8635    0.9466    0.9504    0.5974   0.03462   0.02052   0.00548
     37/99     10.6G   0.02328  0.006438  0.001057   0.03078        72       640    0.9663    0.8686    0.9489    0.5803   0.03591   0.02101  0.005614
     38/99     10.6G   0.02305  0.006577  0.001133   0.03076        85       640    0.9439    0.9548    0.9703    0.6093   0.03447   0.02095  0.005269
     39/99     10.6G   0.02288  0.006453  0.001151   0.03049       105       640    0.9029    0.8816    0.9359    0.5814   0.03586   0.02158  0.005786
     40/99     10.6G   0.02254  0.006616  0.001147    0.0303        78       640     0.954    0.9161    0.9777     0.612   0.03509   0.02104  0.005313
     41/99     10.6G   0.02254  0.006451  0.001146   0.03014       132       640    0.9235    0.8909    0.9645    0.6201   0.03581   0.02174  0.005653
     42/99     10.6G   0.02261  0.006619  0.001046   0.03027        88       640    0.9324    0.9822    0.9873    0.6181   0.03495   0.02136  0.005274
     43/99     10.6G   0.02226  0.006428  0.001059   0.02975        75       640    0.9449    0.9266    0.9589    0.5943   0.03475   0.02095  0.005184
     44/99     10.6G   0.02208  0.006414 0.0009804   0.02948       107       640    0.9251    0.9536    0.9748    0.6236   0.03482   0.02192  0.005161
     45/99     10.6G   0.02231  0.006334 0.0009657   0.02961        89       640    0.9113    0.9632    0.9794    0.6256   0.03516   0.02184  0.005386
     46/99     10.6G   0.02189  0.006138 0.0009045   0.02893        96       640    0.9339    0.9245    0.9553    0.5892   0.03453    0.0221  0.005071
     47/99     10.6G    0.0216  0.006142  0.000877   0.02862       111       640    0.8845    0.9587    0.9552    0.6234   0.03393   0.02263  0.004912
     48/99     10.6G   0.02171  0.006282  0.001005     0.029        76       640    0.9349    0.9753    0.9858    0.6484   0.03342   0.02244  0.004923
     49/99     10.6G   0.02153  0.006143 0.0008881   0.02856        56       640    0.9349    0.9646    0.9827    0.6013   0.03497   0.02242  0.005044
     50/99     10.6G   0.02143  0.006233 0.0007402    0.0284        78       640    0.9314    0.9503    0.9699    0.6436    0.0354   0.02266  0.005146
     51/99     10.6G   0.02117  0.006096 0.0008078   0.02807       136       640    0.9266    0.9711    0.9777    0.5859   0.03409   0.02241  0.005086
     52/99     10.6G   0.02087  0.006186 0.0007651   0.02782       137       640    0.9265    0.9386    0.9706    0.6166   0.03434   0.02275  0.005193
     53/99     10.6G   0.02098  0.006191 0.0008055   0.02798        62       640    0.9218     0.977    0.9756    0.6152   0.03407   0.02328  0.004824
     54/99     10.6G   0.02087  0.006025  0.000712    0.0276        86       640    0.9658    0.9201    0.9807    0.5939   0.03438   0.02365  0.005027
     55/99     10.6G   0.02072     0.006   0.00083   0.02755       133       640    0.9797    0.8987    0.9692    0.6019   0.03414   0.02317  0.004762
     56/99     10.6G   0.02057  0.006021 0.0007814   0.02737        49       640    0.9103    0.9264    0.9467     0.606   0.03348   0.02299  0.004823
     57/99     10.6G   0.02047  0.006028 0.0007124   0.02721       112       640     0.934    0.9622    0.9738     0.629    0.0341   0.02367  0.004838
     58/99     10.6G   0.02018  0.005842 0.0007444   0.02676        75       640     0.902     0.934    0.9487    0.6035   0.03391   0.02351  0.004846
     59/99     10.6G   0.02019  0.005855 0.0007363   0.02678       101       640    0.9385    0.9591    0.9788    0.6162    0.0338    0.0243   0.00486
     60/99     10.6G      0.02  0.005734 0.0006436   0.02638       101       640    0.9174    0.9619    0.9706    0.6143   0.03315   0.02374  0.004804
     61/99     10.6G      0.02  0.005807 0.0007545   0.02656        96       640    0.9255    0.9439    0.9767    0.6319   0.03309   0.02442  0.004945
     62/99     10.6G   0.01976  0.005835 0.0006629   0.02625       104       640    0.9725    0.9434     0.986    0.6284   0.03369   0.02433  0.004866
     63/99     10.6G    0.0197   0.00583   0.00072   0.02625       119       640    0.9373    0.9704    0.9818    0.6323   0.03338    0.0242  0.004979
     64/99     10.6G   0.01948  0.005846 0.0006722     0.026        87       640    0.9775    0.9032    0.9651     0.624     0.034   0.02434   0.00489
